python_code/GIM/CODG0760.15I
     1.0            IONOSPHERE MAPS     GNSS                IONEX VERSION / TYPE
ADDNEQ2 V5.3        AIUB                21-MAR-15 20:07     PGM / RUN BY / DATE 
CODE'S GLOBAL IONOSPHERE MAPS FOR DAY 076, 2015             COMMENT             
Global ionosphere maps (GIM) are generated on a daily basis DESCRIPTION         
at CODE using data from about 300 GNSS sites of the IGS and DESCRIPTION         
other institutions. The vertical total electron content     DESCRIPTION         
(VTEC) is modeled in a solar-geomagnetic reference frame    DESCRIPTION         
using a spherical harmonics expansion up to degree and      DESCRIPTION         
order 15. Piece-wise linear functions are used for          DESCRIPTION         
representation in the time domain. The time spacing of      DESCRIPTION         
their vertices is 1 hour, conforming with the epochs of the DESCRIPTION         
VTEC maps. Instrumental biases, so-called differential      DESCRIPTION         
P1-P2 code biases (DCB), for all GNSS satellites and ground DESCRIPTION         
stations are estimated as constant values for each day,     DESCRIPTION         
simultaneously with the 25 times 256, or 6400 parameters    DESCRIPTION         
used to represent the global VTEC distribution. The DCB     DESCRIPTION         
datum is defined by a zero-mean condition imposed on the    DESCRIPTION         
satellite bias estimates. P1-C1 bias corrections are taken  DESCRIPTION         
into account if needed. To convert line-of-sight TEC into   DESCRIPTION         
vertical TEC, a modified single-layer model mapping         DESCRIPTION         
function approximating the JPL extended slab model mapping  DESCRIPTION         
function is adopted. The mapping function is evaluated at   DESCRIPTION         
geodetic satellite elevation angles. For the computation of DESCRIPTION         
the ionospheric pierce points, a spherical layer with a     DESCRIPTION         
radius of 6821 km is assumed, implying geocentric, not      DESCRIPTION         
geodetic IONEX latitudes.                                   DESCRIPTION         
Note: These GIM results correspond to the results for the   DESCRIPTION         
middle day of a 3-day combination analysis solving for 73   DESCRIPTION         
times 256, or 18688 VTEC parameters and 3 sets of daily     DESCRIPTION         
satellite and receiver DCB constants.                       DESCRIPTION         
Contact address: code(at)aiub.unibe.ch                      DESCRIPTION         
Web page:        www.aiub.unibe.ch/content/ionosphere/      DESCRIPTION         
Data archive:    ftp.unibe.ch/aiub/CODE/                    DESCRIPTION         
                 www.aiub.unibe.ch/download/CODE/           DESCRIPTION         
  2015     3    17     0     0     0                        EPOCH OF FIRST MAP  
  2015     3    18     0     0     0                        EPOCH OF LAST MAP   
  3600                                                      INTERVAL            
    25                                                      # OF MAPS IN FILE   
  NONE                                                      MAPPING FUNCTION    
    10.0                                                    ELEVATION CUTOFF    
One-way carrier phase leveled to code                       OBSERVABLES USED    
[...]
cpxf cro1 daej darw dav1 dhlg drao dubo ebre fair faiv flin COMMENT             
flrs frdn func ganp glps glsv gmsd gode godz gold gope gras COMMENT             
graz guam guat guug harb hers hert hlfx hnpt hob2 hofn holb COMMENT             
holm hrao hyde iddr ieng iisc impz ineg invk iqal iqui irkj COMMENT             
isba ispa jog2 joz2 joze kat1 kely kerg kir0 kiru kit3 kokb COMMENT             
kokv kouc kour lama lhaz lmmf lpal lpgs m0se mac1 madr mag0 COMMENT             
mal2 mana mas1 mat1 mate maui maw1 mbar mcm4 mdvj medi mets COMMENT             
mgue mizu mnls mobj mobk mobs monp morp mqzg mtka nano nico COMMENT             
nist nium nklg nlib not1 novm nrc1 nril nrmd ntus nurk nya1 COMMENT             
ohi2 ohi3 onsa opmt pado palv park pbr2 pbri pdel penc pert COMMENT             
pfa2 pie1 pimo pol2 polv pots pove prds ptbb qaq1 quin rabt COMMENT             
ramo rbay recf reso reun reyk rio2 riop salu savo sch2 scor COMMENT             
scrz sey1 sfer smst sofi spt0 ssia sthl stjo stk2 str2 suth COMMENT             
sutm sutv suwn sydn tabl tabv tah1 tah2 tash thti thu2 thu3 COMMENT             
tid1 tidb tixg tixi tlse tn22 tow2 tro1 tsea tskb twtf txes COMMENT             
uclu ufpr ulab unb3 unbj unbt unsa untr urum urus usno usud COMMENT             
vaco vald vill vtsp wab1 wab2 wes2 wgtn whit will wind wsrt COMMENT             
wtza wtzr wtzs wtzz wuhn xmis yakt yar2 yar3 yarr ycba yell COMMENT             
yibl ykro yssk zeck zim2 zimj zimm zwe2                     COMMENT             
                                                            END OF HEADER       
     1                                                      START OF TEC MAP    
  2015     3    17     0     0     0                        EPOCH OF CURRENT MAP
    87.5-180.0 180.0   5.0 450.0                            LAT/LON1/LON2/DLON/H
  154  152  150  149  147  145  143  142  140  138  137  135  134  132  131  130
  128  127  126  125  124  123  122  121  120  120  119  119  119  119  119  120
  121  121  122  124  125  127  128  130  132  134  137  139  141  144  146  148
  151  153  155  157  159  160  162  163  164  165  166  166  166  166  166  165
  165  164  163  162  160  159  157  156  154
    85.0-180.0 180.0   5.0 450.0                            LAT/LON1/LON2/DLON/H
  160  157  153  150  147  144  142  139  137  135  133  132  130  128  127  125
  123  121  119  117  115  113  111  109  107  105  103  102  101  100  100  100
  100  101  103  104  107  109  112  116  120  124  128  132  137  142  146  151
  156  160  165  169  172  176  179  181  184  185  186  187  187  187  186  185
  184  182  179  177  174  170  167  164  160
    82.5-180.0 180.0   5.0 450.0                            LAT/LON1/LON2/DLON/H
  163  158  153  149  145  142  139  137  136  135  134  134  133  133  132  131
  129  127  125  122  118  115  111  107  103   99   96   93   90   88   87   86
   86   86   87   89   91   94   98  102  106  112  117  123  129  135  142  148
  155  161  167  173  178  183  187  191  194  197  198  200  200  200  199  198
  196  193  190  186  182  178  173  168  163
    80.0-180.0 180.0   5.0 450.0                            LAT/LON1/LON2/DLON/H
  165  159  154  149  144  141  139  138  138  139  141  143  145  146  147  147
  146  144  141  137  132  126  121  114  108  102   97   92   88   85   82   80
   79   79   79   81   82   85   88   91   95  100  106  112  118  125  132  139
  146  153  160  167  173  178  184  188  192  196  199  201  202  203  203  203
  201  199  196  193  188  183  178  172  165
    77.5-180.0 180.0   5.0 450.0                            LAT/LON1/LON2/DLON/H
  172  165  158  152  147  144  142  143  145  149  153  158  163  167  170  171
  170  168  164  158  151  144  136  127  119  111  104   98   93   89   86   83
   82   81   80   80   81   82   83   85   88   91   96  101  106  112  118  125
  131  138  144  151  157  163  168  173  178  183  187  191  195  197  199  201
  201  201  200  197  194  190  185  179  172
    75.0-180.0 180.0   5.0 450.0                            LAT/LON1/LON2/DLON/H
  184  177  169  161  155  151  150  151  155  162  170  178  185  191  195  196
  195  192  187  179  171  162  152  141  132  122  114  107  101   97   94   92
   90   89   88   86   85   84   84   83   84   85   87   90   94   98  102  107
  112  117  122  128  133  138  144  150  156  162  169  175  181  186  191  195
  199  201  203  203  202  200  196  191  184
    72.5-180.0 180.0   5.0 450.0                            LAT/LON1/LON2/DLON/H
  202  194  185  176  168  162  160  162  168  177  187  197  207  214  218  218
  216  211  204  195  186  175  164  152  141  131  122  115  109  105  102  100
   99   98   96   94   92   89   86   83   81   80   80   81   82   84   87   89
   92   95   98  102  106  111  116  123  131  139  149  158  167  175  183  190
  196  202  206  210  212  213  212  208  202
    70.0-180.0 180.0   5.0 450.0                            LAT/LON1/LON2/DLON/H
  223  215  205  194  183  175  172  174  180  190  203  215  225  231  234  233
  228  221  213  203  193  182  170  158  147  136  126  118  112  109  106  105
  105  104  102   99   95   91   86   82   79   77   75   74   74   74   74   74
   74   75   76   78   80   85   91   99  108  120  132  145  157  169  179  189
  197  205  212  218  224  228  229  228  223
    67.5-180.0 180.0   5.0 450.0                            LAT/LON1/LON2/DLON/H
  243  236  224  211  197  187  181  182  189  200  214  226  236  241  241  238
  231  222  213  203  193  183  172  160  147  136  125  117  110  107  105  104
  104  103  101   97   93   88   83   79   76   73   72   70   69   67   65   63
   61   60   59   59   61   65   71   81   93  107  123  139  155  169  182  192
  202  210  218  226  234  240  245  246  243
    65.0-180.0 180.0   5.0 450.0                            LAT/LON1/LON2/DLON/H
  259  252  241  225  209  196  188  187  194  205  219  231  240  243  241  234
  225  216  207  198  190  181  170  159  146  133  121  112  105  101   99   98
   97   95   93   89   84   79   75   73   71   71   70   69   68   65   61   58
   54   51   49   48   49   53   60   71   85  103  122  141  160  176  189  200
  209  217  225  233  241  250  256  260  259
    62.5-180.0 180.0   5.0 450.0                            LAT/LON1/LON2/DLON/H
  269  264  253  237  219  203  193  190  196  206  219  231  238  238  234  226
  216  207  199  192  186  178  169  157  144  131  118  108  100   95   92   90
   88   85   81   77   72   68   66   66   67   70   72   72   71   67   63   58
   53   49   46   45   45   49   57   69   85  105  127  149  169  186  200  211
  219  226  232  239  247  255  263  268  269
    60.0-180.0 180.0   5.0 450.0                            LAT/LON1/LON2/DLON/H
  276  273  264  248  229  211  199  194  197  206  217  227  232  231  225  217
  208  200  194  189  184  178  169  158  145  131  118  108   99   94   89   85
   82   77   72   66   62   59   59   61   66   72   77   79   77   73   68   62
   57   53   51   49   50   53   61   73   91  112  134  157  178  196  210  220
  228  234  239  245  251  259  267  273  276
    57.5-180.0 180.0   5.0 450.0                            LAT/LON1/LON2/DLON/H
  282  282  275  261  243  225  210  202  202  208  216  222  225  223  218  211
  204  198  193  190  186  180  171  160  148  135  124  115  107  101   95   89
   82   75   69   62   57   55   57   62   70   79   85   88   86   82   75   70
   65   62   60   59   60   62   69   81   98  119  141  163  184  201  215  227
  235  242  248  253  258  264  271  277  282
    55.0-180.0 180.0   5.0 450.0                            LAT/LON1/LON2/DLON/H
  290  293  291  281  265  246  230  219  215  216  219  221  221  219  216  211
  206  202  198  194  190  183  174  164  154  144  136  130  124  117  110  101
   91   82   73   66   61   60   62   69   79   89   96   99   96   91   84   79
   76   75   74   73   73   74   80   91  107  126  146  166  184  201  215  228
  239  249  258  264  269  274  279  285  290
    52.5-180.0 180.0   5.0 450.0                            LAT/LON1/LON2/DLON/H
  304  310  312  307  294  277  260  246  237  231  228  225  222  220  218  217
  215  211  207  201  194  186  177  169  162  156  153  150  146  139  129  118
  105   94   85   78   73   72   75   82   92  102  108  110  106   99   93   89
   88   89   89   88   87   87   91  101  115  132  149  166  181  196  210  225
  241  256  269  279  285  289  292  297  304
    50.0-180.0 180.0   5.0 450.0                            LAT/LON1/LON2/DLON/H
  321  330  336  337  329  314  296  280  266  254  243  235  229  226  227  228
  227  223  216  207  198  188  180  174  171  170  171  171  168  160  148  133
  119  107   98   92   89   88   91   97  106  114  119  119  114  107  101   99
  101  103  104  102   99   98  101  109  123  138  152  165  177  189  203  220
  240  261  280  295  305  309  311  314  321
    47.5-180.0 180.0   5.0 450.0                            LAT/LON1/LON2/DLON/H
  340  350  361  366  362  350  333  315  297  280  263  248  239  236  238  241
  240  234  224  212  201  191  185  182  182  184  187  188  184  173  158  140
  125  114  108  105  104  105  107  112  119  125  128  126  120  113  110  110
  114  117  117  114  108  105  108  117  131  145  157  167  175  185  198  216
  239  264  290  311  325  331  332  334  340
    45.0-180.0 180.0   5.0 450.0                            LAT/LON1/LON2/DLON/H
  356  367  380  388  387  377  362  344  325  304  283  264  252  249  251  254
  252  244  231  218  206  198  194  193  194  197  198  196  188  173  154  135
  120  112  110  112  115  118  121  125  129  133  133  130  125  120  118  121
  126  129  127  121  113  109  113  124  139  154  165  173  179  187  199  217
  239  267  296  323  341  350  351  351  356
    42.5-180.0 180.0   5.0 450.0                            LAT/LON1/LON2/DLON/H
  367  377  390  398  398  389  376  360  342  322  299  279  266  262  264  265
  262  252  239  226  217  212  210  209  208  207  203  195  180  161  139  120
  107  103  105  112  120  125  130  133  136  138  138  134  129  127  128  132
  137  138  132  122  112  108  114  129  148  165  177  184  190  197  208  223
  243  269  300  329  352  363  364  363  367
    40.0-180.0 180.0   5.0 450.0                            LAT/LON1/LON2/DLON/H
  372  380  391  397  394  385  373  361  347  330  310  291  279  275  276  275
  270  261  249  240  235  233  232  229  224  215  202  185  165  141  119  102
   93   93  100  111  122  131  136  140  142  143  142  139  136  135  138  142
  145  142  132  119  107  104  113  132  155  176  191  200  207  215  225  237
  252  273  300  330  356  370  373  371  372
    37.5-180.0 180.0   5.0 450.0                            LAT/LON1/LON2/DLON/H
  377  382  389  389  382  369  357  348  340  329  314  300  291  287  287  285
  279  271  265  261  261  261  258  251  238  221  199  175  150  126  106   94
   89   93  103  116  128  138  145  149  150  150  149  146  144  145  148  151
  150  142  127  110   98   97  110  133  161  186  204  216  226  237  247  256
  265  279  301  330  356  373  378  377  377
    35.0-180.0 180.0   5.0 450.0                            LAT/LON1/LON2/DLON/H
  387  390  392  385  370  352  339  332  328  323  315  307  302  300  299  294
  289  285  285  288  290  289  283  270  250  226  198  170  145  126  113  108
  108  114  123  133  144  152  158  162  163  161  159  156  154  155  157  156
  150  137  118  100   89   90  106  134  166  194  215  231  246  260  273  280
  284  290  305  331  358  378  386  387  387
    32.5-180.0 180.0   5.0 450.0                            LAT/LON1/LON2/DLON/H
  409  412  409  395  372  348  331  323  322  321  318  316  316  316  312  307
  302  303  308  315  317  312  299  281  258  232  205  180  161  151  149  151
  156  160  164  168  172  176  180  181  180  177  173  169  166  166  165  159
  147  129  108   90   82   86  105  135  169  200  224  244  263  282  298  305
  305  306  316  338  366  389  402  406  409
    30.0-180.0 180.0   5.0 450.0                            LAT/LON1/LON2/DLON/H
  448  452  447  428  398  367  346  336  332  331  330  332  335  336  330  322
  318  322  331  337  334  321  302  282  262  242  223  208  201  204  213  224
  231  230  224  218  213  210  208  205  201  195  188  182  178  175  170  159
  142  121  100   84   79   86  106  137  172  205  232  255  278  301  320  329
  329  327  334  355  384  411  429  440  448
    27.5-180.0 180.0   5.0 450.0                            LAT/LON1/LON2/DLON/H
  502  512  508  486  452  418  392  377  367  360  356  358  362  362  354  343
  338  342  350  350  336  314  291  275  265  259  254  254  261  278  299  315
  320  312  294  275  259  249  240  232  222  212  202  194  188  181  172  158
  137  115   95   84   82   91  111  141  177  212  241  266  291  317  338  351
  352  351  359  381  411  442  467  486  502
    25.0-180.0 180.0   5.0 450.0                            LAT/LON1/LON2/DLON/H
  567  584  583  563  529  496  469  447  428  410  399  397  399  396  383  368
  360  362  363  352  325  294  272  267  274  285  298  312  333  361  388  406
  406  388  359  328  303  284  269  255  240  226  213  202  193  185  173  155
  133  112   97   90   92  101  119  147  183  220  253  280  305  330  353  368
  374  377  389  412  445  479  511  541  567
    22.5-180.0 180.0   5.0 450.0                            LAT/LON1/LON2/DLON/H
  631  657  662  646  618  590  566  541  511  479  456  447  445  437  420  399
  386  381  371  346  308  272  256  266  293  323  349  374  402  433  462  476
  469  442  402  364  333  310  290  271  251  233  218  206  195  185  171  153
  132  114  103  101  105  112  128  154  191  232  268  296  320  344  366  382
  393  402  419  445  479  517  555  594  631
    20.0-180.0 180.0   5.0 450.0                            LAT/LON1/LON2/DLON/H
  685  718  728  719  700  683  667  643  605  560  525  506  497  485  462  436
  416  402  380  342  294  258  254  282  327  368  400  426  452  480  503  510
  495  460  415  374  343  320  299  277  255  234  218  205  194  183  170  153
  135  120  114  115  118  124  136  161  199  244  284  314  337  358  377  394
  409  425  446  475  510  548  591  639  685
    17.5-180.0 180.0   5.0 450.0                            LAT/LON1/LON2/DLON/H
  720  757  771  767  760  758  755  737  696  643  596  569  554  536  509  478
  452  429  395  347  296  268  279  322  375  417  441  456  472  489  503  501
  479  440  397  360  334  315  297  275  251  230  214  201  190  180  169  154
  140  130  126  128  130  132  141  165  206  255  299  332  354  372  388  405
  423  444  470  500  533  570  616  669  720
    15.0-180.0 180.0   5.0 450.0                            LAT/LON1/LON2/DLON/H
  735  770  783  783  786  800  815  809  772  716  663  629  609  588  558  524
  494  464  423  370  323  306  332  383  433  460  464  459  458  463  465  456
  430  393  355  327  311  301  288  268  245  225  208  196  186  177  168  157
  147  139  137  138  137  136  142  166  209  262  310  345  368  384  400  416
  436  461  489  519  549  584  629  683  735
    12.5-180.0 180.0   5.0 450.0                            LAT/LON1/LON2/DLON/H
  734  762  769  768  778  808  840  851  824  772  719  683  660  636  606  572
  541  508  465  414  376  373  407  456  487  486  462  433  416  410  406  393
  369  337  308  291  286  285  278  262  241  221  205  192  183  175  168  160
  153  147  145  143  140  135  140  164  209  263  313  350  375  394  410  428
  450  478  508  536  562  592  634  686  734
    10.0-180.0 180.0   5.0 450.0                            LAT/LON1/LON2/DLON/H
  726  744  740  733  747  787  835  863  851  810  763  727  703  679  650  620
  591  559  518  475  448  456  491  523  524  488  434  387  360  351  347  337
  318  293  273  265  269  276  275  262  241  221  204  190  180  172  167  162
  157  152  148  144  137  132  137  162  206  259  308  347  376  399  419  440
  465  495  526  553  576  602  639  686  726
     7.5-180.0 180.0   5.0 450.0                            LAT/LON1/LON2/DLON/H
  723  729  713  698  708  753  812  854  859  832  794  762  738  714  689  664
  640  612  577  542  526  537  561  566  531  461  385  332  309  308  312  310
  298  281  267  263  269  279  280  268  247  225  205  189  178  170  165  162
  158  153  147  141  133  127  134  159  202  251  297  336  370  400  427  453
  482  515  547  574  595  618  652  692  723
     5.0-180.0 180.0   5.0 450.0                            LAT/LON1/LON2/DLON/H
  734  729  703  678  683  726  788  839  858  845  817  789  765  742  720  700
  682  660  631  603  591  597  600  571  501  408  328  286  281  297  315  324
  320  308  293  286  288  294  293  280  257  231  208  189  175  166  162  160
  156  150  144  135  127  123  132  158  198  242  283  322  360  397  432  464
  497  534  569  598  620  643  674  710  734
     2.5-180.0 180.0   5.0 450.0                            LAT/LON1/LON2/DLON/H
  759  750  718  687  685  719  777  829  856  855  836  811  786  762  743  728
  715  696  670  645  630  620  595  534  440  342  278  264  288  327  360  378
  380  367  346  328  319  316  309  292  266  236  209  187  171  162  157  155
  151  146  138  129  122  121  132  158  195  233  270  308  350  394  435  472
  509  550  589  621  646  672  705  740  759
