python_code/GIM/CODG0760.15I
     1.0            IONOSPHERE MAPS     GNSS                IONEX VERSION / TYPE
ADDNEQ2 V5.3        AIUB                21-MAR-15 20:07     PGM / RUN BY / DATE 
CODE'S GLOBAL IONOSPHERE MAPS FOR DAY 076, 2015             COMMENT             
Global ionosphere maps (GIM) are generated on a daily basis DESCRIPTION         
at CODE using data from about 300 GNSS sites of the IGS and DESCRIPTION         
other institutions. The vertical total electron content     DESCRIPTION         
(VTEC) is modeled in a solar-geomagnetic reference frame    DESCRIPTION         
using a spherical harmonics expansion up to degree and      DESCRIPTION         
order 15. Piece-wise linear functions are used for          DESCRIPTION         
representation in the time domain. The time spacing of      DESCRIPTION         
their vertices is 1 hour, conforming with the epochs of the DESCRIPTION         
VTEC maps. Instrumental biases, so-called differential      DESCRIPTION         
P1-P2 code biases (DCB), for all GNSS satellites and ground DESCRIPTION         
stations are estimated as constant values for each day,     DESCRIPTION         
simultaneously with the 25 times 256, or 6400 parameters    DESCRIPTION         
used to represent the global VTEC distribution. The DCB     DESCRIPTION         
datum is defined by a zero-mean condition imposed on the    DESCRIPTION         
satellite bias estimates. P1-C1 bias corrections are taken  DESCRIPTION         
into account if needed. To convert line-of-sight TEC into   DESCRIPTION         
vertical TEC, a modified single-layer model mapping         DESCRIPTION         
function approximating the JPL extended slab model mapping  DESCRIPTION         
function is adopted. The mapping function is evaluated at   DESCRIPTION         
geodetic satellite elevation angles. For the computation of DESCRIPTION         
the ionospheric pierce points, a spherical layer with a     DESCRIPTION         
radius of 6821 km is assumed, implying geocentric, not      DESCRIPTION         
geodetic IONEX latitudes.                                   DESCRIPTION         
Note: These GIM results correspond to the results for the   DESCRIPTION         
middle day of a 3-day combination analysis solving for 73   DESCRIPTION         
times 256, or 18688 VTEC parameters and 3 sets of daily     DESCRIPTION         
satellite and receiver DCB constants.                       DESCRIPTION         
Contact address: code(at)aiub.unibe.ch                      DESCRIPTION         
Web page:        www.aiub.unibe.ch/content/ionosphere/      DESCRIPTION         
Data archive:    ftp.unibe.ch/aiub/CODE/                    DESCRIPTION         
                 www.aiub.unibe.ch/download/CODE/           DESCRIPTION         
  2015     3    17     0     0     0                        EPOCH OF FIRST MAP  
  2015     3    18     0     0     0                        EPOCH OF LAST MAP   
  3600                                                      INTERVAL            
    25                                                      # OF MAPS IN FILE   
  NONE                                                      MAPPING FUNCTION    
    10.0                                                    ELEVATION CUTOFF    
One-way carrier phase leveled to code                       OBSERVABLES USED    
[...]
cpxf cro1 daej darw dav1 dhlg drao dubo ebre fair faiv flin COMMENT             
flrs frdn func ganp glps glsv gmsd gode godz gold gope gras COMMENT             
graz guam guat guug harb hers hert hlfx hnpt hob2 hofn holb COMMENT             
holm hrao hyde iddr ieng iisc impz ineg invk iqal iqui irkj COMMENT             
isba ispa jog2 joz2 joze kat1 kely kerg kir0 kiru kit3 kokb COMMENT             
kokv kouc kour lama lhaz lmmf lpal lpgs m0se mac1 madr mag0 COMMENT             
mal2 mana mas1 mat1 mate maui maw1 mbar mcm4 mdvj medi mets COMMENT             
mgue mizu mnls mobj mobk mobs monp morp mqzg mtka nano nico COMMENT             
nist nium nklg nlib not1 novm nrc1 nril nrmd ntus nurk nya1 COMMENT             
ohi2 ohi3 onsa opmt pado palv park pbr2 pbri pdel penc pert COMMENT             
pfa2 pie1 pimo pol2 polv pots pove prds ptbb qaq1 quin rabt COMMENT             
ramo rbay recf reso reun reyk rio2 riop salu savo sch2 scor COMMENT             
scrz sey1 sfer smst sofi spt0 ssia sthl stjo stk2 str2 suth COMMENT             
sutm sutv suwn sydn tabl tabv tah1 tah2 tash thti thu2 thu3 COMMENT             
tid1 tidb tixg tixi tlse tn22 tow2 tro1 tsea tskb twtf txes COMMENT             
uclu ufpr ulab unb3 unbj unbt unsa untr urum urus usno usud COMMENT             
vaco vald vill vtsp wab1 wab2 wes2 wgtn whit will wind wsrt COMMENT             
wtza wtzr wtzs wtzz wuhn xmis yakt yar2 yar3 yarr ycba yell COMMENT             
yibl ykro yssk zeck zim2 zimj zimm zwe2                     COMMENT             
                                                            END OF HEADER       
[from data line 6006]
    15                                                      START OF TEC MAP    
  2015     3    17    14     0     0                        EPOCH OF CURRENT MAP
    87.5-180.0 180.0   5.0 450.0                            LAT/LON1/LON2/DLON/H
   98   99  100  102  103  104  105  107  108  109  110  111  112  113  114  115
  115  116  116  116  117  117  117  117  117  117  117  117  117  116  116  116
  116  116  116  116  115  115  115  115  114  114  114  113  113  112  111  111
  110  109  108  107  106  105  104  103  102  101  100   99   98   97   97   96
   96   96   95   96   96   96   97   98   98
    85.0-180.0 180.0   5.0 450.0                            LAT/LON1/LON2/DLON/H
   87   89   92   95   98  101  104  106  109  112  114  116  118  119  120  121
  122  122  122  122  122  121  121  120  119  119  118  118  117  117  117  117
  117  117  117  118  118  118  119  119  119  119  119  119  119  119  118  117
  116  115  114  112  110  108  106  104  101   98   96   93   91   88   86   84
   83   82   81   81   81   82   83   85   87
    82.5-180.0 180.0   5.0 450.0                            LAT/LON1/LON2/DLON/H
   77   81   85   89   94   99  103  108  112  115  118  121  123  124  125  125
  125  125  124  123  122  120  119  117  116  115  114  113  112  112  112  113
  113  114  116  117  118  120  121  122  123  124  125  126  127  127  128  128
  127  127  125  124  122  119  116  113  109  105  100   96   91   86   82   78
   75   73   71   70   69   70   72   74   77
    80.0-180.0 180.0   5.0 450.0                            LAT/LON1/LON2/DLON/H
   73   77   82   88   93   99  104  109  114  117  120  123  124  125  125  125
  124  123  121  120  118  116  113  111  109  108  107  106  105  106  106  108
  109  111  114  116  118  121  123  125  127  128  130  132  133  135  137  138
  139  140  140  140  139  137  134  130  125  120  114  108  101   95   88   82
   77   72   69   66   65   65   66   69   73
    77.5-180.0 180.0   5.0 450.0                            LAT/LON1/LON2/DLON/H
   75   79   85   90   96  102  107  111  115  117  119  121  121  121  120  119
  118  117  115  114  112  110  108  107  105  104  102  102  102  103  104  106
  109  111  115  118  121  123  126  128  129  131  133  134  137  139  142  145
  148  151  154  155  156  155  154  151  146  141  135  128  120  112  104   96
   89   83   77   73   70   69   69   72   75
    75.0-180.0 180.0   5.0 450.0                            LAT/LON1/LON2/DLON/H
   84   88   93   98  103  107  111  113  115  116  116  116  115  114  112  111
  110  109  109  108  108  108  108  107  107  106  106  106  106  107  109  112
  115  118  122  125  128  130  131  132  132  132  133  134  136  138  142  147
  152  157  162  166  169  170  170  169  166  161  156  149  142  134  126  117
  109  101   94   88   83   81   80   81   84
    72.5-180.0 180.0   5.0 450.0                            LAT/LON1/LON2/DLON/H
   98  101  105  109  112  114  116  117  116  115  113  111  108  105  103  102
  102  102  104  106  108  111  114  116  117  118  119  119  120  122  124  126
  129  132  135  138  140  140  140  139  137  134  132  131  132  133  137  142
  148  155  162  168  172  176  178  178  177  174  170  166  160  153  146  138
  130  121  113  106  101   97   96   96   98
    70.0-180.0 180.0   5.0 450.0                            LAT/LON1/LON2/DLON/H
  112  115  118  121  122  123  122  121  118  115  111  107  103  100   97   96
   96   98  102  107  113  119  125  130  134  137  139  141  143  144  146  148
  150  153  155  156  156  155  153  149  144  139  133  129  127  127  130  134
  140  147  154  161  166  171  173  175  175  174  173  170  167  164  159  153
  146  138  130  123  117  113  111  111  112
    67.5-180.0 180.0   5.0 450.0                            LAT/LON1/LON2/DLON/H
  123  126  129  131  131  130  127  124  120  116  112  107  102   98   95   94
   94   97  103  111  120  129  138  147  153  159  163  167  169  172  174  175
  177  178  178  178  177  174  170  163  156  147  139  132  126  123  123  126
  130  136  142  147  152  156  159  161  161  162  162  162  162  161  160  157
  152  146  139  132  126  122  121  121  123
    65.0-180.0 180.0   5.0 450.0                            LAT/LON1/LON2/DLON/H
  128  132  135  137  136  133  130  126  122  118  114  110  106  102   98   96
   97  100  106  116  127  138  150  160  170  178  184  190  195  200  203  205
  206  205  204  202  199  195  190  182  173  162  151  141  132  126  122  122
  123  126  129  133  136  138  140  140  141  141  142  143  145  147  149  149
  147  143  137  131  126  123  123  125  128
    62.5-180.0 180.0   5.0 450.0                            LAT/LON1/LON2/DLON/H
  127  132  135  136  135  131  127  123  120  118  117  115  112  108  105  102
  102  104  111  120  131  143  155  167  178  188  198  207  216  224  230  234
  235  234  231  227  223  219  213  205  195  183  170  158  146  137  130  126
  123  122  122  122  123  123  123  122  121  121  120  121  124  127  130  132
  133  130  126  121  117  116  117  121  127
    60.0-180.0 180.0   5.0 450.0                            LAT/LON1/LON2/DLON/H
  119  125  129  130  127  123  118  115  114  115  117  118  117  115  112  109
  108  109  114  122  131  142  153  164  176  188  202  216  230  244  254  260
  263  261  258  253  248  243  238  230  221  209  196  182  168  157  147  139
  132  127  123  121  119  117  116  114  111  108  105  104  105  107  111  114
  115  114  110  106  103  102  106  112  119
    57.5-180.0 180.0   5.0 450.0                            LAT/LON1/LON2/DLON/H
  109  116  120  119  115  109  104  102  103  107  112  117  119  119  117  114
  113  114  117  123  129  137  145  155  166  181  198  217  238  258  274  285
  290  289  285  279  273  268  263  257  249  237  224  210  196  182  171  160
  150  142  134  129  125  123  121  118  114  109  103   98   95   95   98  100
  101   99   96   91   88   88   93  100  109
    55.0-180.0 180.0   5.0 450.0                            LAT/LON1/LON2/DLON/H
   99  106  109  107  101   94   88   86   88   95  103  110  115  117  117  116
  116  117  120  123  127  131  136  143  154  170  191  216  243  269  292  308
  316  316  312  305  298  292  288  283  275  264  251  237  224  210  198  185
  173  162  153  146  141  139  137  135  131  124  115  106  100   96   96   96
   96   93   88   82   78   78   82   90   99
    52.5-180.0 180.0   5.0 450.0                            LAT/LON1/LON2/DLON/H
   93   99  101   97   89   80   73   70   73   80   90   99  106  111  113  115
  118  121  123  125  126  127  129  134  145  163  187  217  249  281  308  329
  340  342  338  330  322  316  311  305  297  287  274  261  248  236  223  211
  198  185  174  165  160  158  157  157  154  147  137  126  116  109  106  104
  102   97   89   81   75   73   77   84   93
    50.0-180.0 180.0   5.0 450.0                            LAT/LON1/LON2/DLON/H
   90   96   96   91   82   71   63   59   61   67   76   86   94  101  107  113
  119  124  129  130  129  128  128  133  146  166  193  225  259  293  324  348
  362  367  363  355  347  339  332  325  315  303  290  278  266  255  244  232
  219  205  192  181  175  172  174  176  175  171  162  150  139  130  125  122
  117  109   99   88   79   75   77   83   90
    47.5-180.0 180.0   5.0 450.0                            LAT/LON1/LON2/DLON/H
   91   95   95   89   80   69   60   56   56   60   67   74   83   91  100  110
  120  129  135  137  136  134  135  143  158  181  210  243  276  309  338  363
  380  387  386  379  370  361  352  341  329  315  301  288  277  268  258  247
  233  218  203  190  180  177  178  182  186  186  180  171  161  152  147  142
  136  126  112   98   87   80   80   85   91
    45.0-180.0 180.0   5.0 450.0                            LAT/LON1/LON2/DLON/H
   93   97   96   92   83   74   66   60   59   60   63   69   76   85   96  110
  123  135  142  145  145  144  148  161  181  209  239  270  298  325  351  374
  393  404  407  403  394  383  371  358  342  324  308  294  284  276  266  255
  240  224  206  189  176  169  169  175  182  187  187  182  175  168  164  159
  151  139  124  107   94   86   84   87   93
    42.5-180.0 180.0   5.0 450.0                            LAT/LON1/LON2/DLON/H
   93   97   98   95   89   83   76   72   69   67   67   70   76   86   99  114
  129  142  150  153  154  157  166  184  212  244  276  303  324  342  361  382
  402  419  427  426  419  408  394  377  357  335  316  301  290  281  271  259
  243  225  204  184  165  153  150  156  166  175  181  181  178  174  171  166
  158  145  128  111   96   88   85   88   93
    40.0-180.0 180.0   5.0 450.0                            LAT/LON1/LON2/DLON/H
   90   95   97   97   94   92   89   86   83   79   77   77   83   93  107  123
  138  150  158  161  164  170  184  209  243  280  313  336  350  359  370  388
  411  433  448  452  447  436  421  402  378  352  329  312  299  288  276  262
  245  226  204  180  157  140  133  136  147  159  167  171  171  170  168  164
  155  141  124  107   93   85   83   85   90
    37.5-180.0 180.0   5.0 450.0                            LAT/LON1/LON2/DLON/H
   85   90   93   95   96   97   98   98   95   91   88   88   94  106  121  137
  150  160  165  169  173  183  203  233  271  312  345  366  373  374  380  396
  423  452  474  484  482  472  456  434  408  379  352  331  315  302  287  271
  253  235  213  188  162  140  128  128  136  147  156  160  160  160  157  153
  143  130  114   98   87   80   79   81   85
    35.0-180.0 180.0   5.0 450.0                            LAT/LON1/LON2/DLON/H
   79   83   85   88   91   96  101  103  102   99   95   97  107  121  138  152
  163  170  174  178  185  198  220  252  292  334  368  388  393  391  394  412
  444  480  508  523  523  513  498  476  447  415  385  360  340  323  305  288
  271  255  237  214  188  163  148  143  146  152  155  155  152  149  145  139
  129  116  101   89   81   77   76   77   79
    32.5-180.0 180.0   5.0 450.0                            LAT/LON1/LON2/DLON/H
   76   76   77   78   82   88   96  101  102   99   97  102  115  134  153  168
  177  182  186  191  201  217  239  269  306  345  380  402  410  411  417  439
  477  519  552  568  569  560  545  524  495  460  426  397  374  354  334  316
  302  291  279  261  237  213  195  186  181  177  171  162  153  145  138  129
  119  106   94   85   81   79   77   76   76
    30.0-180.0 180.0   5.0 450.0                            LAT/LON1/LON2/DLON/H
   76   72   69   68   70   77   86   92   94   92   92  100  119  143  165  181
  190  195  200  209  223  240  260  283  313  348  383  410  427  437  451  480
  524  569  604  619  617  607  594  574  546  510  473  440  414  392  372  356
  346  342  336  324  305  284  266  251  238  222  203  183  166  152  140  130
  118  107   97   92   90   90   87   82   76
    27.5-180.0 180.0   5.0 450.0                            LAT/LON1/LON2/DLON/H
   83   72   65   60   60   66   74   82   83   81   82   93  116  146  173  191
  201  208  217  232  250  268  282  296  315  344  380  416  445  469  496  533
  580  627  658  668  663  651  639  623  597  560  520  485  458  436  418  406
  401  402  401  394  379  362  345  327  306  278  246  215  189  169  155  142
  131  120  113  111  111  110  105   94   83
    25.0-180.0 180.0   5.0 450.0                            LAT/LON1/LON2/DLON/H
   94   78   66   58   56   59   67   74   74   70   71   84  110  144  175  196
  209  220  235  256  278  296  305  308  317  339  377  423  468  508  548  592
  641  683  708  711  699  687  677  666  643  607  565  529  502  483  469  461
  460  464  465  459  446  430  415  396  368  331  289  250  218  195  179  166
  155  145  140  139  140  139  129  112   94
    22.5-180.0 180.0   5.0 450.0                            LAT/LON1/LON2/DLON/H
  108   87   72   63   59   61   67   72   71   65   64   76  104  141  174  199
  215  231  251  277  303  320  323  318  318  336  378  435  495  550  601  650
  696  732  747  740  724  710  705  699  681  647  605  569  545  531  522  518
  519  521  517  506  489  473  459  441  411  370  324  281  248  225  209  197
  187  178  173  172  173  170  156  133  108
    20.0-180.0 180.0   5.0 450.0                            LAT/LON1/LON2/DLON/H
  122   99   83   73   69   71   76   80   77   68   64   75  102  138  173  200
  219  238  262  291  318  334  334  324  320  339  385  452  524  591  648  698
  739  765  769  755  734  721  721  723  710  679  638  604  584  575  572  572
  571  566  551  527  501  482  469  453  426  386  343  304  274  253  239  229
  219  211  205  204  204  198  180  152  122
    17.5-180.0 180.0   5.0 450.0                            LAT/LON1/LON2/DLON/H
  135  110   95   87   84   86   91   94   89   79   73   81  105  139  173  200
  222  243  268  296  322  335  334  325  325  348  401  475  554  626  684  730
  763  779  775  755  732  723  730  738  732  704  665  633  618  615  617  618
  613  596  565  523  484  457  445  434  413  382  347  317  294  278  266  257
  248  238  230  227  226  219  199  168  135
    15.0-180.0 180.0   5.0 450.0                            LAT/LON1/LON2/DLON/H
  146  121  108  102  100  102  106  109  104   94   87   92  113  143  175  202
  225  246  269  293  314  326  326  324  332  365  424  501  581  651  705  744
  769  777  768  745  725  720  733  749  747  722  685  656  645  647  653  653
  641  612  562  501  446  412  399  395  384  366  344  325  310  298  287  278
  268  256  246  241  239  232  212  180  146
    12.5-180.0 180.0   5.0 450.0                            LAT/LON1/LON2/DLON/H
  154  130  118  114  113  113  117  119  115  107  100  105  123  150  179  205
  228  248  267  286  300  310  315  323  345  389  454  530  604  665  711  742
  760  765  755  735  719  720  738  757  758  735  700  673  665  670  677  675
  657  616  550  472  404  364  352  355  356  350  342  335  326  316  304  292
  280  265  252  244  242  237  219  188  154
    10.0-180.0 180.0   5.0 450.0                            LAT/LON1/LON2/DLON/H
  162  138  127  122  119  118  119  120  118  112  109  115  132  156  183  208
  232  252  268  279  288  296  307  328  366  421  488  557  619  668  704  729
  744  750  744  731  722  727  747  767  767  743  708  682  675  681  687  684
  662  614  540  453  377  333  324  332  343  349  351  351  346  333  317  301
  285  267  251  241  240  238  224  195  162
     7.5-180.0 180.0   5.0 450.0                            LAT/LON1/LON2/DLON/H
  172  147  133  126  119  113  111  111  110  108  109  118  135  159  185  212
  237  258  272  281  286  294  312  345  395  458  523  581  628  662  689  711
  729  741  744  739  736  744  763  778  774  747  711  684  676  680  685  680
  658  612  539  453  378  335  328  341  356  368  375  377  370  351  328  307
  288  267  248  237  236  238  228  203  172
     5.0-180.0 180.0   5.0 450.0                            LAT/LON1/LON2/DLON/H
  183  156  139  127  115  104   96   93   92   94   99  112  132  157  184  213
  242  267  284  293  299  310  334  376  434  498  555  599  629  651  672  696
  721  742  756  760  762  769  782  790  779  747  707  678  667  668  670  666
  649  612  551  476  410  373  368  381  396  406  411  409  395  369  339  313
  291  269  247  235  235  240  235  213  183
     2.5-180.0 180.0   5.0 450.0                            LAT/LON1/LON2/DLON/H
  195  167  145  128  110   93   81   74   72   75   84  101  124  150  180  213
  247  278  301  317  329  345  374  419  477  536  581  608  623  636  656  686
  721  754  778  790  794  798  803  800  780  742  698  666  651  647  646  643
  635  614  574  518  467  438  434  442  450  451  448  438  416  383  348  320
  297  274  252  238  237  244  242  224  195
