python_code/GIM/CODG0760.15I
     1.0            IONOSPHERE MAPS     GNSS                IONEX VERSION / TYPE
ADDNEQ2 V5.3        AIUB                21-MAR-15 20:07     PGM / RUN BY / DATE 
CODE'S GLOBAL IONOSPHERE MAPS FOR DAY 076, 2015             COMMENT             
Global ionosphere maps (GIM) are generated on a daily basis DESCRIPTION         
at CODE using data from about 300 GNSS sites of the IGS and DESCRIPTION         
other institutions. The vertical total electron content     DESCRIPTION         
(VTEC) is modeled in a solar-geomagnetic reference frame    DESCRIPTION         
using a spherical harmonics expansion up to degree and      DESCRIPTION         
order 15. Piece-wise linear functions are used for          DESCRIPTION         
representation in the time domain. The time spacing of      DESCRIPTION         
their vertices is 1 hour, conforming with the epochs of the DESCRIPTION         
VTEC maps. Instrumental biases, so-called differential      DESCRIPTION         
P1-P2 code biases (DCB), for all GNSS satellites and ground DESCRIPTION         
stations are estimated as constant values for each day,     DESCRIPTION         
simultaneously with the 25 times 256, or 6400 parameters    DESCRIPTION         
used to represent the global VTEC distribution. The DCB     DESCRIPTION         
datum is defined by a zero-mean condition imposed on the    DESCRIPTION         
satellite bias estimates. P1-C1 bias corrections are taken  DESCRIPTION         
into account if needed. To convert line-of-sight TEC into   DESCRIPTION         
vertical TEC, a modified single-layer model mapping         DESCRIPTION         
function approximating the JPL extended slab model mapping  DESCRIPTION         
function is adopted. The mapping function is evaluated at   DESCRIPTION         
geodetic satellite elevation angles. For the computation of DESCRIPTION         
the ionospheric pierce points, a spherical layer with a     DESCRIPTION         
radius of 6821 km is assumed, implying geocentric, not      DESCRIPTION         
geodetic IONEX latitudes.                                   DESCRIPTION         
Note: These GIM results correspond to the results for the   DESCRIPTION         
middle day of a 3-day combination analysis solving for 73   DESCRIPTION         
times 256, or 18688 VTEC parameters and 3 sets of daily     DESCRIPTION         
satellite and receiver DCB constants.                       DESCRIPTION         
Contact address: code(at)aiub.unibe.ch                      DESCRIPTION         
Web page:        www.aiub.unibe.ch/content/ionosphere/      DESCRIPTION         
Data archive:    ftp.unibe.ch/aiub/CODE/                    DESCRIPTION         
                 www.aiub.unibe.ch/download/CODE/           DESCRIPTION         
  2015     3    17     0     0     0                        EPOCH OF FIRST MAP  
  2015     3    18     0     0     0                        EPOCH OF LAST MAP   
  3600                                                      INTERVAL            
    25                                                      # OF MAPS IN FILE   
  NONE                                                      MAPPING FUNCTION    
    10.0                                                    ELEVATION CUTOFF    
One-way carrier phase leveled to code                       OBSERVABLES USED    
[...]
cpxf cro1 daej darw dav1 dhlg drao dubo ebre fair faiv flin COMMENT             
flrs frdn func ganp glps glsv gmsd gode godz gold gope gras COMMENT             
graz guam guat guug harb hers hert hlfx hnpt hob2 hofn holb COMMENT             
holm hrao hyde iddr ieng iisc impz ineg invk iqal iqui irkj COMMENT             
isba ispa jog2 joz2 joze kat1 kely kerg kir0 kiru kit3 kokb COMMENT             
kokv kouc kour lama lhaz lmmf lpal lpgs m0se mac1 madr mag0 COMMENT             
mal2 mana mas1 mat1 mate maui maw1 mbar mcm4 mdvj medi mets COMMENT             
mgue mizu mnls mobj mobk mobs monp morp mqzg mtka nano nico COMMENT             
nist nium nklg nlib not1 novm nrc1 nril nrmd ntus nurk nya1 COMMENT             
ohi2 ohi3 onsa opmt pado palv park pbr2 pbri pdel penc pert COMMENT             
pfa2 pie1 pimo pol2 polv pots pove prds ptbb qaq1 quin rabt COMMENT             
ramo rbay recf reso reun reyk rio2 riop salu savo sch2 scor COMMENT             
scrz sey1 sfer smst sofi spt0 ssia sthl stjo stk2 str2 suth COMMENT             
sutm sutv suwn sydn tabl tabv tah1 tah2 tash thti thu2 thu3 COMMENT             
tid1 tidb tixg tixi tlse tn22 tow2 tro1 tsea tskb twtf txes COMMENT             
uclu ufpr ulab unb3 unbj unbt unsa untr urum urus usno usud COMMENT             
vaco vald vill vtsp wab1 wab2 wes2 wgtn whit will wind wsrt COMMENT             
wtza wtzr wtzs wtzz wuhn xmis yakt yar2 yar3 yarr ycba yell COMMENT             
yibl ykro yssk zeck zim2 zimj zimm zwe2                     COMMENT             
                                                            END OF HEADER       
[from data line 1287]
     4                                                      START OF TEC MAP    
  2015     3    17     3     0     0                        EPOCH OF CURRENT MAP
    87.5-180.0 180.0   5.0 450.0                            LAT/LON1/LON2/DLON/H
  161  159  157  155  152  150  148  146  144  142  141  139  138  136  135  134
  133  132  131  130  130  129  129  129  129  129  130  130  131  132  133  134
  136  138  139  141  143  146  148  150  153  155  157  160  162  164  166  168
  170  172  174  175  177  178  179  179  180  180  180  180  180  179  179  178
  176  175  173  172  170  168  166  164  161
    85.0-180.0 180.0   5.0 450.0                            LAT/LON1/LON2/DLON/H
  169  164  160  155  151  147  144  140  137  134  132  130  127  125  124  122
  120  118  117  115  114  112  111  110  109  109  109  110  110  112  114  116
  119  122  125  129  133  137  142  146  151  155  160  164  169  173  177  181
  184  188  191  194  197  199  202  203  205  206  206  206  206  205  204  202
  200  197  194  190  187  182  178  174  169
    82.5-180.0 180.0   5.0 450.0                            LAT/LON1/LON2/DLON/H
  178  171  164  157  151  146  141  137  133  130  128  126  124  122  121  119
  117  114  112  109  106  103  100   98   95   94   92   92   92   94   96   99
  102  107  112  117  123  129  135  142  148  154  160  165  171  176  181  186
  191  196  200  205  209  213  217  220  223  225  227  228  228  228  227  225
  223  219  215  210  205  199  192  185  178
    80.0-180.0 180.0   5.0 450.0                            LAT/LON1/LON2/DLON/H
  190  180  170  162  153  146  141  136  133  130  129  128  127  126  125  123
  121  118  115  111  106  101   96   91   87   83   80   78   78   79   81   84
   89   95  101  108  115  122  129  136  143  149  155  161  166  172  177  182
  188  193  199  204  210  216  221  226  231  235  239  242  244  246  246  245
  243  241  236  231  225  217  209  199  190
    77.5-180.0 180.0   5.0 450.0                            LAT/LON1/LON2/DLON/H
  206  194  181  170  160  151  144  139  136  134  133  133  133  133  132  131
  128  125  120  115  109  102   95   88   82   76   72   69   68   68   71   75
   80   86   94  101  109  116  123  130  136  141  146  150  154  159  163  168
  174  180  187  194  201  209  216  224  231  237  243  248  253  256  259  260
  260  259  256  252  246  238  229  218  206
    75.0-180.0 180.0   5.0 450.0                            LAT/LON1/LON2/DLON/H
  226  211  196  182  169  159  151  145  142  140  140  140  140  139  138  136
  133  129  123  117  110  103   95   87   79   73   67   64   62   63   65   70
   75   82   89   97  104  110  116  121  125  128  131  133  136  139  143  147
  153  160  168  177  186  196  206  216  225  234  242  249  255  260  264  268
  271  272  272  270  266  259  250  239  226
    72.5-180.0 180.0   5.0 450.0                            LAT/LON1/LON2/DLON/H
  246  230  213  196  181  169  160  154  150  149  148  147  145  143  140  136
  131  126  121  115  108  101   94   86   79   72   67   63   62   62   65   69
   74   80   87   93   98  103  107  109  110  111  112  112  113  115  118  123
  130  138  148  159  171  183  195  207  218  228  237  245  252  258  264  269
  274  278  281  283  282  278  271  260  246
    70.0-180.0 180.0   5.0 450.0                            LAT/LON1/LON2/DLON/H
  263  247  228  209  193  179  169  163  160  157  155  152  148  142  136  129
  123  117  112  107  102   97   92   86   80   74   69   66   65   65   67   70
   74   79   83   88   91   93   94   94   93   92   90   89   89   91   95  101
  109  119  131  144  159  173  188  202  214  225  234  242  248  254  260  265
  271  278  284  289  291  291  286  277  263
    67.5-180.0 180.0   5.0 450.0                            LAT/LON1/LON2/DLON/H
  275  258  238  219  201  186  177  171  168  165  162  156  149  139  128  119
  111  105  100   98   95   93   90   86   82   78   74   71   70   69   70   72
   74   76   78   80   80   80   79   77   75   72   70   69   69   71   76   84
   94  107  121  137  153  170  186  201  214  225  234  241  246  250  254  259
  264  271  279  287  293  296  294  287  275
    65.0-180.0 180.0   5.0 450.0                            LAT/LON1/LON2/DLON/H
  279  263  243  222  204  189  180  176  174  171  167  159  148  134  120  108
   99   93   91   90   90   90   89   88   85   83   80   77   75   74   73   73
   72   72   71   70   68   66   64   61   59   56   54   54   55   59   66   76
   89  103  120  137  154  172  188  204  218  229  238  243  247  249  251  253
  257  263  271  279  287  293  294  290  279
    62.5-180.0 180.0   5.0 450.0                            LAT/LON1/LON2/DLON/H
  277  262  242  222  203  189  181  177  177  175  170  161  147  131  115  102
   93   88   87   88   90   91   91   91   90   88   86   83   80   78   75   72
   69   66   63   60   57   54   52   50   49   47   47   47   50   56   65   77
   92  108  125  142  159  176  193  208  223  234  243  249  252  252  252  252
  253  257  263  271  279  285  289  286  277
    60.0-180.0 180.0   5.0 450.0                            LAT/LON1/LON2/DLON/H
  273  259  241  220  201  187  180  177  177  176  171  161  146  130  115  103
   95   92   91   93   94   95   95   95   94   93   91   88   85   81   76   71
   66   62   57   53   50   48   47   47   47   47   48   50   54   62   72   86
  101  117  133  149  165  180  196  211  226  239  249  256  259  260  259  258
  257  258  260  265  271  277  281  280  273
    57.5-180.0 180.0   5.0 450.0                            LAT/LON1/LON2/DLON/H
  270  259  242  223  204  190  181  178  177  175  169  159  146  132  120  111
  105  103  103  102  101  100   98   97   96   96   95   93   89   84   77   71
   66   60   56   52   50   50   51   52   54   55   57   59   64   73   84   99
  114  130  144  157  170  182  196  211  226  240  253  262  268  271  272  270
  269  267  266  267  269  273  275  275  270
    55.0-180.0 180.0   5.0 450.0                            LAT/LON1/LON2/DLON/H
  273  265  251  233  215  200  189  183  179  174  166  156  145  135  127  122
  120  118  116  112  108  103   99   97   97   98   98   97   93   87   80   74
   68   64   61   59   58   60   62   66   68   70   71   73   78   86   99  114
  129  143  155  164  173  183  194  208  223  239  254  267  277  284  288  289
  287  285  281  277  275  275  276  276  273
    52.5-180.0 180.0   5.0 450.0                            LAT/LON1/LON2/DLON/H
  282  277  267  253  236  220  207  196  186  176  164  153  144  138  135  134
  133  131  126  118  110  101   96   94   96   99  102  101   98   91   84   78
   74   72   71   71   72   75   79   83   86   87   86   87   91  100  113  129
  144  157  166  172  177  184  193  205  220  237  255  271  285  296  304  309
  310  308  302  295  288  283  281  282  282
    50.0-180.0 180.0   5.0 450.0                            LAT/LON1/LON2/DLON/H
  293  293  288  278  264  249  233  217  200  182  164  151  142  139  140  141
  140  136  128  118  106   96   91   90   95  101  106  107  103   96   90   85
   82   82   84   86   89   93   98  102  103  102  100   99  102  111  126  142
  158  170  178  182  185  188  195  206  220  237  256  274  291  306  319  328
  332  331  325  315  304  295  291  291  293
    47.5-180.0 180.0   5.0 450.0                            LAT/LON1/LON2/DLON/H
  302  307  307  303  293  280  264  244  220  193  169  151  142  140  142  143
  141  134  124  111   99   91   87   90   98  106  112  113  108  101   94   90
   90   93   96  100  104  109  114  117  117  114  110  107  110  120  136  155
  172  185  192  195  197  199  205  214  226  242  259  278  297  314  330  342
  349  351  346  334  320  307  300  299  302
    45.0-180.0 180.0   5.0 450.0                            LAT/LON1/LON2/DLON/H
  305  312  317  319  315  307  294  272  243  210  179  156  144  142  142  141
  135  126  115  104   95   90   90   96  106  116  121  119  113  104   97   94
   96  100  106  111  116  121  126  128  127  122  116  112  115  127  145  166
  186  200  208  212  214  217  222  229  239  252  267  284  302  320  337  351
  360  364  360  349  333  316  305  301  305
    42.5-180.0 180.0   5.0 450.0                            LAT/LON1/LON2/DLON/H
  299  306  313  320  323  322  314  296  266  229  193  166  152  146  143  137
  128  117  108  101   98   98  103  111  121  129  131  126  116  105   98   97
  100  105  111  117  122  128  133  135  133  127  119  115  119  133  153  177
  198  215  225  232  236  240  244  250  257  266  278  293  309  326  343  357
  367  372  369  358  341  321  306  298  299
    40.0-180.0 180.0   5.0 450.0                            LAT/LON1/LON2/DLON/H
  288  291  297  305  314  321  321  310  283  247  210  181  163  154  147  136
  124  114  109  109  113  118  125  134  141  145  142  132  119  107  100   99
  103  108  114  120  126  132  138  141  139  132  123  119  123  138  160  185
  209  227  241  251  258  264  269  274  279  284  293  305  320  336  350  363
  372  378  376  367  349  326  306  293  288
    37.5-180.0 180.0   5.0 450.0                            LAT/LON1/LON2/DLON/H
  281  276  277  283  293  305  314  311  292  261  226  197  178  166  154  141
  127  120  121  129  138  147  154  160  163  162  153  139  123  111  106  106
  109  114  118  123  130  137  144  148  146  138  129  124  129  143  165  191
  215  236  253  266  276  285  292  296  300  303  310  321  335  350  364  375
  383  388  387  379  362  338  313  293  281
    35.0-180.0 180.0   5.0 450.0                            LAT/LON1/LON2/DLON/H
  289  274  266  264  270  284  298  303  293  269  239  213  194  180  166  150
  138  135  143  156  168  176  181  183  182  176  163  147  132  122  119  121
  124  126  128  132  138  146  153  157  155  147  137  131  135  148  169  194
  218  240  260  276  289  300  309  315  318  322  329  341  357  373  387  397
  404  408  408  402  387  363  335  309  289
    32.5-180.0 180.0   5.0 450.0                            LAT/LON1/LON2/DLON/H
  323  299  278  264  261  269  283  293  290  273  249  226  208  193  177  162
  153  155  166  181  192  196  197  196  193  186  173  158  148  144  145  149
  150  148  147  147  152  159  166  169  166  157  146  139  140  151  170  193
  217  241  262  281  297  310  320  329  335  341  351  366  385  404  420  431
  437  442  444  440  428  407  379  350  323
    30.0-180.0 180.0   5.0 450.0                            LAT/LON1/LON2/DLON/H
  390  359  326  298  279  274  281  289  289  277  257  236  218  202  187  173
  167  172  184  196  201  199  196  195  195  192  184  176  173  177  185  189
  188  181  174  170  171  175  179  181  176  165  152  144  143  152  169  191
  215  239  262  283  300  315  328  340  351  362  377  396  420  444  462  475
  482  488  493  494  487  471  447  420  390
    27.5-180.0 180.0   5.0 450.0                            LAT/LON1/LON2/DLON/H
  487  454  413  370  333  310  302  302  299  288  269  247  227  209  193  180
  176  180  188  193  189  181  178  182  190  197  199  201  209  222  235  240
  234  220  206  196  191  190  190  188  180  168  154  144  143  150  166  188
  212  239  264  285  303  319  335  352  370  388  408  433  461  488  510  524
  534  542  550  556  557  549  534  513  487
    25.0-180.0 180.0   5.0 450.0                            LAT/LON1/LON2/DLON/H
  603  574  531  477  423  380  353  338  328  312  289  262  237  215  196  183
  178  178  178  172  160  149  149  164  186  206  220  234  252  273  290  293
  281  260  238  220  209  201  194  187  176  163  149  139  138  146  163  186
  213  242  269  291  310  327  346  368  393  419  445  474  504  534  558  574
  586  596  608  620  629  632  629  620  603
    22.5-180.0 180.0   5.0 450.0                            LAT/LON1/LON2/DLON/H
  720  702  663  605  538  476  429  399  376  353  322  288  254  225  203  187
  176  169  158  142  124  115  125  153  190  223  248  271  297  324  341  341
  322  292  262  237  218  202  189  176  164  150  138  130  131  141  161  187
  218  250  279  303  321  339  362  390  422  454  486  517  549  578  601  618
  630  642  657  674  691  705  716  723  720
    20.0-180.0 180.0   5.0 450.0                            LAT/LON1/LON2/DLON/H
  819  816  786  731  658  583  522  477  444  412  373  328  284  246  217  196
  178  161  140  117   99   98  120  162  210  251  282  309  338  365  380  374
  347  310  274  243  217  195  175  159  145  133  123  118  122  136  160  191
  227  262  294  318  337  357  384  417  455  493  527  559  589  616  636  650
  661  674  691  711  735  759  783  805  819
    17.5-180.0 180.0   5.0 450.0                            LAT/LON1/LON2/DLON/H
  884  896  880  833  763  685  616  564  524  484  437  383  329  282  247  218
  193  166  138  114  102  113  148  199  251  291  319  343  368  392  400  386
  353  311  271  237  208  181  157  138  125  115  109  107  114  132  161  197
  236  275  308  334  355  378  408  446  488  528  564  595  623  646  662  672
  679  689  706  728  755  786  821  856  884
    15.0-180.0 180.0   5.0 450.0                            LAT/LON1/LON2/DLON/H
  909  932  929  895  836  764  698  646  605  563  511  449  387  333  292  258
  226  192  162  144  145  169  214  265  309  336  352  366  384  399  399  378
  339  295  256  223  193  165  139  121  110  103   99   99  108  129  161  201
  243  284  319  347  371  397  431  471  515  556  592  622  647  667  678  683
  686  693  707  728  756  789  828  871  909
    12.5-180.0 180.0   5.0 450.0                            LAT/LON1/LON2/DLON/H
  897  926  934  914  869  812  757  713  677  638  585  519  452  395  351  314
  278  243  217  210  227  264  311  351  374  380  376  376  383  388  379  352
  311  269  235  206  179  152  128  112  104  100   97   97  105  126  160  201
  245  287  323  354  381  412  448  490  533  573  607  637  662  680  688  689
  688  690  700  719  744  775  814  856  897
    10.0-180.0 180.0   5.0 450.0                            LAT/LON1/LON2/DLON/H
  863  892  904  896  868  828  790  759  733  699  648  582  515  458  415  380
  344  312  295  302  335  380  420  439  434  412  387  372  368  364  348  316
  276  240  213  192  171  148  127  114  108  105  102   99  105  124  156  197
  240  281  318  351  384  418  457  499  540  577  610  640  667  686  695  695
  691  690  696  711  731  758  790  827  863
     7.5-180.0 180.0   5.0 450.0                            LAT/LON1/LON2/DLON/H
  827  849  861  860  846  824  802  786  769  742  694  631  565  513  475  443
  413  387  381  403  447  493  518  510  473  424  382  357  345  333  312  279
  244  215  198  185  170  152  135  125  121  118  112  105  106  121  150  188
  229  269  306  342  378  417  458  499  536  570  601  633  664  689  702  704
  700  698  702  713  728  748  772  800  827
     5.0-180.0 180.0   5.0 450.0                            LAT/LON1/LON2/DLON/H
  807  820  827  828  822  813  804  798  789  765  720  658  596  549  517  493
  469  452  455  487  535  575  581  545  482  415  364  335  320  305  281  250
  219  199  190  184  175  161  148  140  137  133  123  111  107  117  142  177
  216  253  290  327  366  408  450  490  524  554  585  619  656  688  708  716
  716  716  720  728  740  754  771  789  807
     2.5-180.0 180.0   5.0 450.0                            LAT/LON1/LON2/DLON/H
  811  817  818  817  814  811  809  806  797  772  726  664  605  563  537  520
  502  491  499  534  579  606  593  538  460  388  339  314  300  284  260  230
  206  193  189  188  182  171  160  153  150  144  131  116  107  113  135  168
  203  238  273  311  352  395  437  474  506  534  565  602  644  683  712  728
  735  740  747  756  765  776  788  801  811
