python_code/GIM/CODG0760.15I
     1.0            IONOSPHERE MAPS     GNSS                IONEX VERSION / TYPE
ADDNEQ2 V5.3        AIUB                21-MAR-15 20:07     PGM / RUN BY / DATE 
CODE'S GLOBAL IONOSPHERE MAPS FOR DAY 076, 2015             COMMENT             
Global ionosphere maps (GIM) are generated on a daily basis DESCRIPTION         
at CODE using data from about 300 GNSS sites of the IGS and DESCRIPTION         
other institutions. The vertical total electron content     DESCRIPTION         
(VTEC) is modeled in a solar-geomagnetic reference frame    DESCRIPTION         
using a spherical harmonics expansion up to degree and      DESCRIPTION         
order 15. Piece-wise linear functions are used for          DESCRIPTION         
representation in the time domain. The time spacing of      DESCRIPTION         
their vertices is 1 hour, conforming with the epochs of the DESCRIPTION         
VTEC maps. Instrumental biases, so-called differential      DESCRIPTION         
P1-P2 code biases (DCB), for all GNSS satellites and ground DESCRIPTION         
stations are estimated as constant values for each day,     DESCRIPTION         
simultaneously with the 25 times 256, or 6400 parameters    DESCRIPTION         
used to represent the global VTEC distribution. The DCB     DESCRIPTION         
datum is defined by a zero-mean condition imposed on the    DESCRIPTION         
satellite bias estimates. P1-C1 bias corrections are taken  DESCRIPTION         
into account if needed. To convert line-of-sight TEC into   DESCRIPTION         
vertical TEC, a modified single-layer model mapping         DESCRIPTION         
function approximating the JPL extended slab model mapping  DESCRIPTION         
function is adopted. The mapping function is evaluated at   DESCRIPTION         
geodetic satellite elevation angles. For the computation of DESCRIPTION         
the ionospheric pierce points, a spherical layer with a     DESCRIPTION         
radius of 6821 km is assumed, implying geocentric, not      DESCRIPTION         
geodetic IONEX latitudes.                                   DESCRIPTION         
Note: These GIM results correspond to the results for the   DESCRIPTION         
middle day of a 3-day combination analysis solving for 73   DESCRIPTION         
times 256, or 18688 VTEC parameters and 3 sets of daily     DESCRIPTION         
satellite and receiver DCB constants.                       DESCRIPTION         
Contact address: code(at)aiub.unibe.ch                      DESCRIPTION         
Web page:        www.aiub.unibe.ch/content/ionosphere/      DESCRIPTION         
Data archive:    ftp.unibe.ch/aiub/CODE/                    DESCRIPTION         
                 www.aiub.unibe.ch/download/CODE/           DESCRIPTION         
  2015     3    17     0     0     0                        EPOCH OF FIRST MAP  
  2015     3    18     0     0     0                        EPOCH OF LAST MAP   
  3600                                                      INTERVAL            
    25                                                      # OF MAPS IN FILE   
  NONE                                                      MAPPING FUNCTION    
    10.0                                                    ELEVATION CUTOFF    
One-way carrier phase leveled to code                       OBSERVABLES USED    
[...]
cpxf cro1 daej darw dav1 dhlg drao dubo ebre fair faiv flin COMMENT             
flrs frdn func ganp glps glsv gmsd gode godz gold gope gras COMMENT             
graz guam guat guug harb hers hert hlfx hnpt hob2 hofn holb COMMENT             
holm hrao hyde iddr ieng iisc impz ineg invk iqal iqui irkj COMMENT             
isba ispa jog2 joz2 joze kat1 kely kerg kir0 kiru kit3 kokb COMMENT             
kokv kouc kour lama lhaz lmmf lpal lpgs m0se mac1 madr mag0 COMMENT             
mal2 mana mas1 mat1 mate maui maw1 mbar mcm4 mdvj medi mets COMMENT             
mgue mizu mnls mobj mobk mobs monp morp mqzg mtka nano nico COMMENT             
nist nium nklg nlib not1 novm nrc1 nril nrmd ntus nurk nya1 COMMENT             
ohi2 ohi3 onsa opmt pado palv park pbr2 pbri pdel penc pert COMMENT             
pfa2 pie1 pimo pol2 polv pots pove prds ptbb qaq1 quin rabt COMMENT             
ramo rbay recf reso reun reyk rio2 riop salu savo sch2 scor COMMENT             
scrz sey1 sfer smst sofi spt0 ssia sthl stjo stk2 str2 suth COMMENT             
sutm sutv suwn sydn tabl tabv tah1 tah2 tash thti thu2 thu3 COMMENT             
tid1 tidb tixg tixi tlse tn22 tow2 tro1 tsea tskb twtf txes COMMENT             
uclu ufpr ulab unb3 unbj unbt unsa untr urum urus usno usud COMMENT             
vaco vald vill vtsp wab1 wab2 wes2 wgtn whit will wind wsrt COMMENT             
wtza wtzr wtzs wtzz wuhn xmis yakt yar2 yar3 yarr ycba yell COMMENT             
yibl ykro yssk zeck zim2 zimj zimm zwe2                     COMMENT             
                                                            END OF HEADER       
[from data line 4290]
    11                                                      START OF TEC MAP    
  2015     3    17    10     0     0                        EPOCH OF CURRENT MAP
    87.5-180.0 180.0   5.0 450.0                            LAT/LON1/LON2/DLON/H
  166  167  167  168  168  169  169  170  170  171  171  171  171  171  170  170
  169  169  168  167  166  165  163  162  160  159  157  155  153  151  150  148
  146  144  142  140  139  137  136  134  133  132  131  131  130  130  130  130
  131  131  132  133  135  136  138  139  141  143  145  147  149  151  153  155
  156  158  159  161  162  163  164  165  166
    85.0-180.0 180.0   5.0 450.0                            LAT/LON1/LON2/DLON/H
  174  174  174  174  174  175  175  176  177  178  178  179  180  180  180  180
  179  179  177  176  174  172  169  167  164  161  158  155  152  149  145  142
  139  136  134  131  128  125  123  120  118  116  114  112  111  110  110  110
  111  112  114  117  120  124  128  132  137  142  147  152  156  160  164  167
  169  171  173  174  174  175  175  175  174
    82.5-180.0 180.0   5.0 450.0                            LAT/LON1/LON2/DLON/H
  178  175  173  171  169  169  169  170  171  172  174  176  177  178  179  179
  179  178  177  175  172  169  166  162  158  155  151  147  144  141  138  135
  133  131  128  127  124  122  120  118  115  112  109  106  103  101   99   99
   99  100  103  107  113  119  127  135  143  152  161  169  176  182  187  190
  193  194  194  192  190  187  184  181  178
    80.0-180.0 180.0   5.0 450.0                            LAT/LON1/LON2/DLON/H
  177  170  165  160  157  155  154  154  155  157  160  162  164  166  167  168
  167  166  164  162  158  155  151  147  142  139  135  132  130  128  127  126
  126  127  128  129  130  131  131  130  129  126  122  118  114  109  105  102
  100  101  103  108  114  123  134  146  159  171  184  195  205  213  219  223
  224  222  219  214  208  200  193  185  177
    77.5-180.0 180.0   5.0 450.0                            LAT/LON1/LON2/DLON/H
  174  164  155  148  142  138  136  136  137  138  140  143  145  147  148  148
  147  145  142  139  135  131  127  123  120  117  114  113  112  112  114  116
  120  125  131  138  144  150  155  158  159  158  155  150  143  136  128  122
  117  114  114  118  125  135  148  162  178  194  210  224  236  245  251  254
  253  250  243  234  223  211  199  186  174
    75.0-180.0 180.0   5.0 450.0                            LAT/LON1/LON2/DLON/H
  172  159  148  139  132  127  124  122  121  122  123  124  125  125  125  124
  121  118  115  111  107  104  101   98   97   96   95   95   96   99  103  108
  116  126  137  150  163  176  187  196  202  205  203  198  190  179  168  156
  147  140  136  137  142  151  164  179  196  213  230  245  257  266  272  274
  272  266  257  245  231  216  201  186  172
    72.5-180.0 180.0   5.0 450.0                            LAT/LON1/LON2/DLON/H
  170  158  147  138  131  126  121  118  115  113  112  111  109  107  105  101
   97   93   88   84   81   80   79   79   80   82   83   85   87   91   96  103
  114  128  144  162  182  203  221  238  250  257  258  255  246  233  217  202
  187  175  166  163  164  170  180  193  207  222  237  250  260  268  273  273
  270  264  254  242  228  213  198  183  170
    70.0-180.0 180.0   5.0 450.0                            LAT/LON1/LON2/DLON/H
  167  158  151  145  140  134  129  125  120  115  111  106  102   97   92   86
   80   74   69   66   64   65   67   71   75   79   82   84   87   90   95  103
  114  130  150  173  199  226  252  275  294  306  312  311  302  289  271  251
  232  215  202  193  189  190  194  201  210  220  229  237  244  248  250  250
  247  241  233  222  211  199  188  177  167
    67.5-180.0 180.0   5.0 450.0                            LAT/LON1/LON2/DLON/H
  162  159  157  155  153  150  146  140  133  126  119  112  104   97   90   82
   74   67   61   58   59   62   67   74   81   87   91   92   93   95   98  105
  117  134  155  182  211  243  274  303  328  346  356  359  353  340  321  300
  278  258  240  227  217  212  209  208  209  210  211  212  212  212  212  210
  207  202  197  190  184  177  171  166  162
    65.0-180.0 180.0   5.0 450.0                            LAT/LON1/LON2/DLON/H
  152  155  159  163  165  165  163  158  151  142  133  124  115  107   98   89
   80   72   66   63   65   70   79   88   96  102  105  105  104  103  105  111
  122  140  162  190  222  256  290  322  351  373  387  394  391  381  364  344
  321  299  280  263  249  237  227  218  209  201  193  185  179  173  169  165
  162  159  156  154  152  150  149  150  152
    62.5-180.0 180.0   5.0 450.0                            LAT/LON1/LON2/DLON/H
  139  146  154  162  169  173  174  172  166  158  149  139  130  122  113  104
   95   87   81   78   81   87   97  107  115  119  120  117  113  111  113  119
  132  151  174  202  234  267  301  334  364  388  405  415  417  411  398  381
  360  339  319  301  284  268  253  237  220  203  186  171  158  148  139  133
  128  125  123  123  124  125  129  133  139
    60.0-180.0 180.0   5.0 450.0                            LAT/LON1/LON2/DLON/H
  125  133  142  152  162  169  174  175  172  167  160  152  145  138  131  124
  116  107  101   99  101  107  116  125  130  132  128  123  118  116  120  131
  147  169  194  223  252  283  314  344  372  395  414  426  432  431  423  410
  394  376  358  340  323  305  287  266  245  222  201  181  164  149  136  126
  118  112  109  108  108  110  114  119  125
    57.5-180.0 180.0   5.0 450.0                            LAT/LON1/LON2/DLON/H
  115  119  126  134  143  153  161  166  167  166  162  158  154  151  147  142
  135  128  122  119  120  125  131  137  139  136  129  121  117  119  129  146
  170  197  225  253  280  307  333  358  381  401  419  432  441  444  442  435
  423  409  393  377  361  344  326  305  283  260  238  217  199  181  165  150
  137  126  118  113  111  110  111  112  115
    55.0-180.0 180.0   5.0 450.0                            LAT/LON1/LON2/DLON/H
  114  111  111  114  120  128  137  145  151  154  156  156  155  155  155  153
  149  144  138  135  134  136  140  141  138  131  122  114  113  121  140  168
  200  234  265  293  318  339  359  377  395  410  425  438  448  455  457  455
  447  436  423  409  394  380  364  347  328  309  291  274  258  240  221  201
  182  164  150  139  131  126  121  117  114
    52.5-180.0 180.0   5.0 450.0                            LAT/LON1/LON2/DLON/H
  125  114  105   99   98  102  109  119  128  135  141  144  147  150  153  154
  153  150  146  143  141  140  140  137  131  121  110  105  109  126  156  195
  237  276  311  339  360  377  391  403  415  425  436  447  457  465  471  471
  467  457  444  430  417  405  393  381  369  357  347  337  326  310  289  265
  239  214  193  176  163  153  144  135  125
    50.0-180.0 180.0   5.0 450.0                            LAT/LON1/LON2/DLON/H
  146  130  112   96   86   82   85   93  103  113  121  128  133  137  142  145
  147  147  145  142  139  136  133  127  119  108  100   99  111  138  178  227
  276  320  356  383  402  415  425  433  440  446  453  461  469  477  483  484
  480  469  454  439  425  414  405  398  392  390  389  388  383  370  349  322
  292  262  236  215  198  185  173  161  146
    47.5-180.0 180.0   5.0 450.0                            LAT/LON1/LON2/DLON/H
  174  155  132  108   87   73   69   73   83   93  103  110  115  120  125  130
  134  136  136  134  131  127  122  115  106   98   94  100  120  157  206  260
  313  358  393  418  435  447  455  461  466  470  475  479  484  490  493  493
  487  473  454  435  418  406  398  393  393  398  406  413  414  405  385  357
  326  295  268  244  225  211  200  188  174
    45.0-180.0 180.0   5.0 450.0                            LAT/LON1/LON2/DLON/H
  200  184  160  130  101   78   66   64   70   80   89   95  100  103  107  112
  117  121  123  123  120  116  110  103   97   92   95  109  137  181  235  292
  343  385  416  439  455  468  477  485  491  496  499  501  502  503  502  498
  488  470  447  422  401  385  376  371  372  381  393  406  411  405  387  362
  334  307  281  258  239  225  216  209  200
    42.5-180.0 180.0   5.0 450.0                            LAT/LON1/LON2/DLON/H
  215  207  187  157  123   93   73   65   67   75   83   88   91   92   94   98
  103  108  111  112  110  106  100   95   91   93  102  124  159  208  263  317
  363  399  425  445  461  476  489  501  511  520  525  526  522  517  510  502
  488  466  438  409  384  365  351  343  342  349  362  375  381  376  361  341
  321  301  281  259  239  224  218  217  215
    40.0-180.0 180.0   5.0 450.0                            LAT/LON1/LON2/DLON/H
  215  217  205  179  145  111   86   73   73   79   85   90   91   90   90   92
   95   99  103  105  104  100   95   91   90   97  114  142  182  232  284  333
  372  400  420  438  455  474  493  511  528  543  552  552  545  532  519  506
  490  467  438  407  380  359  342  329  322  323  331  340  342  335  323  310
  301  292  278  256  232  213  205  208  215
    37.5-180.0 180.0   5.0 450.0                            LAT/LON1/LON2/DLON/H
  200  209  207  189  159  126  100   85   82   87   94   98   99   98   96   96
   97   99  102  104  104  100   95   92   94  104  126  158  201  250  298  340
  371  392  408  424  444  468  493  518  543  565  580  582  571  552  533  517
  501  480  454  427  402  382  364  346  332  324  324  324  319  307  296  291
  294  296  287  263  231  202  187  189  200
    35.0-180.0 180.0   5.0 450.0                            LAT/LON1/LON2/DLON/H
  175  188  194  184  162  133  109   95   93   98  106  111  114  113  111  109
  107  107  108  110  110  107  101   97  100  113  137  171  214  260  304  340
  365  381  395  412  435  464  494  526  559  589  611  616  603  579  555  537
  524  511  493  474  458  444  428  408  387  371  360  349  334  315  302  304
  317  328  321  291  246  203  174  167  175
    32.5-180.0 180.0   5.0 450.0                            LAT/LON1/LON2/DLON/H
  153  161  169  166  152  131  112  101  101  107  117  125  130  131  130  127
  123  120  119  121  121  118  112  106  108  121  145  179  220  263  303  336
  358  373  387  407  434  467  502  539  577  615  644  653  640  613  586  570
  563  560  555  549  545  542  533  514  490  467  447  425  398  370  353  358
  377  392  384  346  287  226  179  155  153
    30.0-180.0 180.0   5.0 450.0                            LAT/LON1/LON2/DLON/H
  144  140  143  143  135  122  109  103  105  113  124  134  142  147  148  145
  140  134  132  133  134  132  125  118  118  129  152  184  222  262  300  332
  355  372  389  412  443  479  517  557  600  643  677  691  680  652  626  614
  616  625  634  643  654  664  665  651  627  601  576  546  508  470  447  449
  468  482  469  423  352  276  210  166  144
    27.5-180.0 180.0   5.0 450.0                            LAT/LON1/LON2/DLON/H
  160  137  128  125  120  112  106  104  107  115  126  137  147  156  160  158
  152  144  141  142  145  144  137  129  128  138  159  188  222  259  296  330
  357  379  400  427  461  499  539  579  623  669  707  725  718  693  670  663
  674  695  718  741  766  789  800  793  774  750  723  689  644  596  565  560
  572  579  559  507  433  349  269  204  160
    25.0-180.0 180.0   5.0 450.0                            LAT/LON1/LON2/DLON/H
  203  157  132  120  114  109  106  106  110  116  124  134  145  155  161  161
  155  148  143  145  150  151  146  139  137  147  167  193  223  257  294  331
  363  391  418  448  484  523  563  603  645  689  729  750  748  729  711  711
  731  761  793  825  859  891  910  911  898  879  857  824  775  722  681  665
  664  658  631  580  512  434  351  271  203
    22.5-180.0 180.0   5.0 450.0                            LAT/LON1/LON2/DLON/H
  270  202  159  135  123  116  114  114  115  117  121  127  135  145  153  155
  150  143  139  142  148  152  149  144  145  156  176  200  226  257  293  333
  371  406  437  470  507  546  585  623  661  701  737  761  764  752  742  749
  775  810  846  880  915  948  970  976  969  960  946  919  873  816  768  738
  720  698  664  621  572  514  441  355  270
    20.0-180.0 180.0   5.0 450.0                            LAT/LON1/LON2/DLON/H
  349  265  205  169  149  137  131  129  127  123  120  120  123  130  137  141
  139  133  130  132  139  144  144  143  149  164  186  209  232  259  294  335
  377  417  453  488  525  564  602  636  668  701  732  755  763  759  757  770
  799  835  867  895  922  949  968  974  973  973  971  955  915  860  807  763
  726  686  647  618  599  575  525  444  349
    17.5-180.0 180.0   5.0 450.0                            LAT/LON1/LON2/DLON/H
  427  335  264  217  187  169  159  152  145  135  125  117  113  115  120  124
  125  121  117  119  124  130  133  137  149  170  196  219  240  262  293  333
  378  422  462  498  535  573  610  642  667  690  712  733  745  750  755  773
  802  834  857  871  884  897  907  909  912  920  930  926  897  848  793  738
  682  625  582  571  589  606  587  521  427
    15.0-180.0 180.0   5.0 450.0                            LAT/LON1/LON2/DLON/H
  489  399  325  271  233  207  192  181  170  154  137  121  110  105  107  111
  113  111  107  106  108  112  116  125  145  173  204  228  246  265  291  328
  374  421  464  501  538  575  612  641  659  672  685  701  716  728  740  759
  787  811  823  821  816  811  807  803  806  820  841  849  832  792  740  678
  606  534  488  495  547  605  620  575  489
    12.5-180.0 180.0   5.0 450.0                            LAT/LON1/LON2/DLON/H
  528  447  377  321  278  246  226  213  198  179  155  132  114  103  100  104
  107  107  101   96   94   94   99  112  137  173  209  236  252  266  287  321
  365  415  460  500  535  571  607  635  648  652  656  668  685  701  717  738
  762  779  780  763  740  718  701  689  690  708  736  754  748  718  671  606
  524  440  391  410  489  579  622  599  528
    10.0-180.0 180.0   5.0 450.0                            LAT/LON1/LON2/DLON/H
  541  474  414  362  316  280  258  243  227  205  178  150  125  108  102  105
  109  109  102   92   84   80   83   99  130  171  211  241  257  268  284  313
  355  406  455  496  530  564  599  627  639  637  636  644  661  680  698  718
  739  752  745  718  683  649  621  603  602  621  652  674  676  654  614  551
  464  372  319  343  434  540  601  594  541
     7.5-180.0 180.0   5.0 450.0                            LAT/LON1/LON2/DLON/H
  531  482  435  388  343  306  283  270  254  230  201  169  141  119  110  112
  117  117  108   94   81   72   73   90  123  169  213  244  261  270  282  306
  347  398  449  491  524  556  590  619  633  632  628  635  652  672  691  709
  729  740  732  704  665  627  596  575  572  589  617  638  641  624  591  533
  446  351  293  311  399  504  567  570  531
     5.0-180.0 180.0   5.0 450.0                            LAT/LON1/LON2/DLON/H
  507  474  441  403  360  324  303  291  276  251  219  186  155  131  120  121
  126  127  116   99   82   70   69   85  120  167  214  248  266  275  284  304
  341  392  445  487  518  547  580  612  631  636  636  644  662  682  699  716
  736  751  749  728  695  662  634  615  611  623  643  657  655  639  609  557
  476  382  319  324  394  480  532  534  507
     2.5-180.0 180.0   5.0 450.0                            LAT/LON1/LON2/DLON/H
  478  458  438  407  368  336  317  307  291  265  231  196  163  139  127  127
  133  133  122  105   86   73   71   85  119  167  215  251  271  281  289  306
  340  389  441  482  511  536  569  605  633  648  656  669  688  707  722  739
  761  783  793  785  767  747  729  716  710  715  724  725  712  689  660  614
  541  453  386  375  417  473  502  498  478
